1321	-17418.82	32540	0	0	0	0	1	0	0	0	0	0	0	0	0	0
1322	-363.71	-1.50	0	1	0	0	0	0	0	0	0	0	0	0	0	0
1323	-163.84	43831	0	0	2	-2	2	0	0	0	0	0	0	0	0	0
1324	122.74	0.20	0	1	2	-2	2	0	0	0	0	0	0	0	0	0
1325	49.46	0.00	0	1	-2	2	-2	0	0	0	0	0	0	0	0	0
1326	-36.59	0.10	0	0	2	0	1	0	0	0	0	0	0	0	0	0
1327	-22.77	0.20	0	0	2	0	2	0	0	0	0	0	0	0	0	0
1328	42724	0.00	0	0	0	0	2	0	0	0	0	0	0	0	0	0
1329	13.66	0.00	0	0	2	-2	1	0	0	0	0	0	0	0	0	0
1330	-8.50	0.00	0	2	0	0	0	0	0	0	0	0	0	0	0	0
1331	44013	0.00	0	2	2	-2	2	0	0	0	0	0	0	0	0	0
1332	42650	0.00	1	0	0	0	0	0	0	0	0	0	0	0	0	0
1333	46905	0.00	1	0	0	0	-1	0	0	0	0	0	0	0	0	0
1334	46905	0.00	1	0	0	0	1	0	0	0	0	0	0	0	0	0
1335	-4.99	0.00	2	0	-2	0	-1	0	0	0	0	0	0	0	0	0
1336	-4.19	0.00	1	0	2	0	1	0	0	0	0	0	0	0	0	0
1337	-3.52	0.00	1	0	2	0	2	0	0	0	0	0	0	0	0	0
1338	-2.50	0.00	0	1	0	0	1	0	0	0	0	0	0	0	0	0
1339	-2.10	0.00	0	1	2	0	2	0	0	0	0	0	0	0	0	0
1340	-2.10	0.00	0	1	-2	0	-2	0	0	0	0	0	0	0	0	0
1341	-2.09	0.00	1	0	-2	0	-1	0	0	0	0	0	0	0	0	0
1342	-1.10	0.00	0	1	0	0	-1	0	0	0	0	0	0	0	0	0
1343	42644	0.00	1	0	-2	-2	0	0	0	0	0	0	0	0	0	0
1344	42644	0.00	0	1	-2	2	-1	0	0	0	0	0	0	0	0	0
1345	42644	0.00	0	0	0	2	-1	0	0	0	0	0	0	0	0	0
1346	42644	0.00	2	0	0	-2	-1	0	0	0	0	0	0	0	0	0
1347	-1.10	0.00	0	0	0	2	1	0	0	0	0	0	0	0	0	0
1348	-1.10	0.00	0	0	2	2	1	0	0	0	0	0	0	0	0	0
1349	42583	0.00	1	0	-2	-2	-2	0	0	0	0	0	0	0	0	0
1350	42583	0.00	0	0	0	2	0	0	0	0	0	0	0	0	0	0
1351	-1.07	0.00	1	0	-2	0	-2	0	0	0	0	0	0	0	0	0
1352	1.00	0.00	1	0	2	-2	1	0	0	0	0	0	0	0	0	0
1353	-1.00	0.00	1	0	0	-2	1	0	0	0	0	0	0	0	0	0
1354	-1.00	0.00	1	0	0	-2	-1	0	0	0	0	0	0	0	0	0
1355	-0.96	0.00	1	0	0	-2	0	0	0	0	0	0	0	0	0	0
1356	-0.09	0.00	2	0	2	0	2	0	0	0	0	0	0	0	0	0
1357	-0.09	0.00	0	0	2	2	2	0	0	0	0	0	0	0	0	0
1358	-0.01	0.00	2	0	0	-2	0	0	0	0	0	0	0	0	0	0