1038	0.20	883.03	0	0	0	0	1	0	0	0	0	0	0	0	0	0
1039	-0.30	-303.09	0	0	2	-2	2	0	0	0	0	0	0	0	0	0
1040	0.00	-67.70	0	1	2	-2	2	0	0	0	0	0	0	0	0	0
1041	-0.10	-48.77	0	0	2	0	2	0	0	0	0	0	0	0	0	0
1042	0.00	47.25	0	0	0	0	2	0	0	0	0	0	0	0	0	0
1043	0.10	29.90	0	1	-2	2	-2	0	0	0	0	0	0	0	0	0
1044	0.50	-18.40	0	1	0	0	0	0	0	0	0	0	0	0	0	0
1045	0.00	-6.30	1	0	2	0	2	0	0	0	0	0	0	0	0	0
1046	0.00	-4.20	0	2	2	-2	2	0	0	0	0	0	0	0	0	0
1047	0.00	43891	1	0	-2	0	-2	0	0	0	0	0	0	0	0	0
1048	0.00	29221	0	0	2	0	1	0	0	0	0	0	0	0	0	0
1049	0.00	-1.10	2	0	2	0	2	0	0	0	0	0	0	0	0	0
1050	0.00	-1.10	1	0	-2	-2	-2	0	0	0	0	0	0	0	0	0
1051	0.00	-1.10	0	0	2	2	2	0	0	0	0	0	0	0	0	0
1052	0.00	-1.00	2	0	-2	0	-1	0	0	0	0	0	0	0	0	0
1053	0.00	1.00	1	0	2	-2	2	0	0	0	0	0	0	0	0	0
1054	0.00	-0.90	0	0	2	-2	1	0	0	0	0	0	0	0	0	0
1055	0.00	-0.20	0	1	0	0	1	0	0	0	0	0	0	0	0	0
1056	0.00	-0.10	0	2	0	0	0	0	0	0	0	0	0	0	0	0